98195144192331776
107226564030156800
126811506632294400
129186134856040448
165023948638126080
172395097705414656
174764205927432192
183968495636185088
188735535169273858
196664644113268736
207089259730042881
212644551926611969
223168485419778060
233481908342882304
246512746986864641
253696366952316929
273039192521703425
306870406697189378
336843820513755157
366331361583169537
386599446571384843
407110650217627658
431861021968302108
475186523575287808
476543547210858506
493839819168808962
512354988157173763
562601836591185930
451976922361102357
149701368008015872
